'tau': 33.0, 
'regularisation_weight': 9.4839854289419e-06, 
'activation_weight': 2.3836078880048033e-06, 
'pretrain_epochs': 40.0, 
'fine_tune_learning_rate': 0.06603559201252239, 
'batch_size': 3, (50)
'h_track': 0.879630813575219, 
'sparsity_target': 0.16451965545002675, 
'pretrain_learning_rate': 0.015062389723830663, 
'momentum': 0.7893854999695049
